0,0.5,0.1020478875824661,0,0.5160913584756445,0,0.15087869722810734,1557049709.2956495,-0.03212661719829425,True
0.0,0.5,0.06651475541311355,0,0.4910165993605175,0.0,0.12554178147010764,1557049709.3175902,0.002524152319628558,True
0.0,0.5,0.059305801386896506,0,0.5099153461177991,0.0,0.11421975904035032,1557049709.3395314,0.014256746761064452,True
0.0,0.5,0.051675384092551374,0,0.49824887078153,0.0,0.13077305705127432,1557049709.361473,0.020380710961867752,True
0.0,0.5,0.049413973644652595,0,0.49522552362428585,0.0,0.1327685904597819,1557049709.3844113,0.004129168861117168,True
0.0,0.5,0.040061612248552855,0,0.48988815528202156,0.0,0.12733076396525736,1557049709.4053555,0.02067770580472851,True
0.0,0.5,0.0407904741530337,0,0.49058134928241337,0.0,0.13721925198981808,1557049709.4272974,0.008132970874741257,True
0.0,0.5,0.04028872393948959,0,0.5021362889050526,0.0,0.12486466020926235,1557049709.4492388,0.00803947953592445,True
0.0,0.5,0.036560729004149355,0,0.503454794142234,0.0,0.12746366635372294,1557049709.471186,0.007775314503378903,True
0.0,0.5,0.03502027605092739,0,0.49758655694789783,0.0,0.12494236785571508,1557049709.493121,0.008621766702434861,True
0.0,0.5,0.03648714509247284,0,0.502711206144741,0.0,0.12506476627403,1557049709.5150623,-0.005530890608884234,True
0.0,0.5,0.03472669567436698,0,0.502099551795987,0.0,0.13150293325653906,1557049709.5360067,-0.004207396095135481,True
0.0,0.5,0.03710009286671376,0,0.5018891090702334,0.0,0.12927088874848813,1557049709.5579476,0.0015153389020416842,False
0.0,0.5,0.03467362939513864,0,0.5000857598198022,0.0,0.126040243604554,1557049709.5798888,-0.004944881677923421,True
0.0,0.5,0.03363806392323258,0,0.49650781340290123,0.0,0.12464248539228535,1557049709.6013365,-0.009762487276242487,True
0.0,0.5,0.033052745982007484,0,0.4936716861126665,0.0,0.12849032717707118,1557049709.6232786,5.354802782337809e-05,True
0.0,0.5,0.032723087425676416,0,0.48874717126737843,0.0,0.1286647737310902,1557049709.6452193,0.007141778883833863,True
0.0,0.5,0.03397313436621337,0,0.4890162050049526,0.0,0.1364985898233862,1557049709.6671607,-0.0032048242411772923,False
0.0,0.5,0.034797100157296194,0,0.4905544078248579,0.0,0.13121206056062146,1557049709.689103,-0.001020674755490108,False
0.0,0.5,0.037261155786172784,0,0.4878663437913923,0.0,0.13546519524818598,1557049709.711044,-0.007385291256339062,False
0.0,0.5,0.0365283275923158,0,0.49160863301741003,0.0,0.145859636120346,1557049709.7329848,0.00491862836284675,True
0.0,0.5,0.03630959559047058,0,0.49107516541417306,0.0,0.13529313053982062,1557049709.7549267,-0.0018510379516630507,True
0.0,0.5,0.03772026988096775,0,0.48368382691542233,0.0,0.12924182416060714,1557049709.7768674,-0.008496332524535766,True
2.178632869312279,0.45,0.03942895977315626,0,0.4851896959330225,-2.178632869312279,0.1638849000330184,1557049709.799806,-0.00983948820341011,True
0.13679903458322926,0.447,0.03688663566457342,0,0.4812212918895907,-0.13679903458322926,0.16062845895755262,1557049709.8217475,-0.013772525040086697,True
0.047747188197258816,0.446,0.03605223714473466,0,0.4753044718943183,-0.047747188197258816,0.14402093960054765,1557049709.8426921,-0.015754738279944742,True
0.50133484010475,0.435,0.0370130847523561,0,0.4757818295521176,-0.50133484010475,0.2554668011791296,1557049709.8646328,-0.07731885029297637,True
1.002658785178747,0.413,0.0254739506734713,0,0.45209453002009986,-1.002658785178747,0.35234275799968867,1557049709.8865752,-0.5168343015564031,True
1.367306551338193,0.383,0.010769126575800423,0,0.41364385351830496,-1.367306551338193,0.0801865221789085,1557049709.9085152,-0.8235720096363812,True
1.7318839930891365,0.345,0.01780771164620939,0,0.40168760061037756,-1.7318839930891365,0.07589564874061058,1557049709.930457,-0.9820977465843653,True
1.2761250475393613,0.317,0.020211863834881015,0,0.381152556499591,-1.2761250475393613,0.09882610871918605,1557049709.9523983,-1.0762766334239295,False
1.0026805754770296,0.295,0.02199132981351619,0,0.35626866252815564,-1.0026805754770296,0.11643531599910184,1557049709.9743392,-1.028797952131997,False
0.9071759214989851,0.276,0.023152301732772683,0,0.33271379077657964,-0.9071759214989851,0.1334895225146422,1557049709.9952843,-0.9881872350396708,True
1.5951736428043652,0.241,0.01761941558218337,0,0.2975277249190775,-1.5951736428043652,0.13610340158200337,1557049710.0172253,-1.2122700077701318,True
1.5039554937413075,0.208,0.015729237052853142,0,0.27383160188503286,-1.5039554937413075,0.13626241686870605,1557049710.0391662,-1.3526967360394953,True
1.1459455619685117,0.184,0.021108652884229865,0,0.24477296928377976,-1.1459455619685117,0.1424345759604639,1557049710.0601108,-1.254158530924408,True
0.9115277958882074,0.164,0.025784238548606366,0,0.21796346594121938,-0.9115277958882074,0.1387639517734772,1557049710.0820515,-1.1267562993838518,True
0.6237280761386818,0.15,0.024549163866670748,0,0.19399895019756538,-0.6237280761386818,0.13245645164631675,1557049710.1044974,-0.9007821940064498,True
0.525207112446781,0.139,0.025446233880915554,0,0.18303722128142264,-0.525207112446781,0.13631288167529967,1557049710.1254413,-0.7631090234686757,False
0.3646111183552835,0.131,0.02195586732266916,0,0.17086511412169364,-0.3646111183552835,0.1169905262493009,1557049710.1473835,-0.61204163121332,False
0.31902432875878806,0.124,0.02077300463808527,0,0.16192024378568795,-0.31902432875878806,0.12474184142827456,1557049710.1693246,-0.5181020689762641,True
0.04660803858163598,0.123,0.021063826293449914,0,0.15722988285718897,-0.04660803858163598,0.1371901648649448,1557049710.190773,-0.31317404142624206,True
0.0,0.123,0.02219230315571446,0,0.15004973051218218,0.0,0.12281489139336353,1557049710.213711,-0.1895484796246011,True
0.0,0.123,0.025742537519648494,0,0.14773021330739625,0.0,0.11796568626282593,1557049710.2346551,-0.1311985184245453,True
0.04557589455497728,0.122,0.026417676799091138,0,0.13602578585869046,-0.04557589455497728,0.1329000017453014,1557049710.256597,-0.1112334531561324,True
0.04359484882186033,0.121,0.026477249486409886,0,0.1435994898616447,-0.04359484882186033,0.13935179089931057,1557049710.2795365,-0.07366222117586076,True
0.04662409959982219,0.12,0.026190587959762483,0,0.14322638192802467,-0.04662409959982219,0.14476209451838917,1557049710.3009832,-0.044754934498727215,True
0.17438120777465915,0.116,0.027826748337359507,0,0.1391903011105327,-0.17438120777465915,0.17698997328559357,1557049710.3239214,-0.046967820693061775,True
0.19098657863281934,0.112,0.028677091664798773,0,0.14026185686151837,-0.19098657863281934,0.18645607427254648,1557049710.3448653,-0.04627536578571229,True
0.5667153636684888,0.099,0.03670022363299299,0,0.1292942257047807,-0.5667153636684888,0.30232389294430867,1557049710.3678045,-0.11459299328040566,True
0.6207134465643647,0.086,0.04100018674423695,0,0.11231526035518266,-0.6207134465643647,0.3775087195208001,1557049710.3887482,-0.17743657439688193,True
0.2673006755321405,0.08,0.03794224068214482,0,0.11475967630685692,-0.2673006755321405,0.3126962905657217,1557049710.4111946,-0.2016497740978659,True
0.0,0.08,0.03862829473578777,0,0.10504280314674397,0.0,0.21655620823588467,1557049710.4321384,-0.1649360576404786,True
0.0,0.08,0.0368047225066508,0,0.09995122843974387,0.0,0.14818444157714283,1557049710.4540808,-0.10135094588990913,True
0.0,0.08,0.03606978390069476,0,0.08484609542234178,0.0,0.12763230801852518,1557049710.4760215,-0.0661904657212627,True
0.0,0.08,0.0334194185630542,0,0.08636775628144631,0.0,0.12886574848105023,1557049710.4979625,-0.04766567217472218,True
0.0,0.08,0.0329971197387627,0,0.08331363608442659,0.0,0.12625726465007964,1557049710.5189066,-0.036312523004307304,True
0.0,0.08,0.031979720019888275,0,0.083892418256107,0.0,0.12363330741135047,1557049710.540848,-0.019201486741318514,True
0.0,0.08,0.030279510560747187,0,0.08447166695650721,0.0,0.13717996375528996,1557049710.5627892,-0.0027285124791562878,True
0.0,0.08,0.029283455161579732,0,0.07338327005984939,0.0,0.12027885115283087,1557049710.5837336,-0.01015029779894281,True
0.0,0.08,0.029515810722879027,0,0.0772881802738432,0.0,0.12074679589057874,1557049710.6056747,-0.005283164607057936,True
0.0,0.08,0.030345304035201633,0,0.07716425845191632,0.0,0.13017246884038253,1557049710.627617,-0.004406611764707442,True
0.0,0.08,0.030092504720721825,0,0.07289853065398402,0.0,0.1362555406797143,1557049710.6495576,-0.0006454884758651946,True
0.0,0.08,0.030161294117259305,0,0.07230699711779476,0.0,0.1263649157072472,1557049710.6714985,0.005956261745407029,True
0.0,0.08,0.030619737047302614,0,0.07342717823780714,0.0,0.1318609747800168,1557049710.6924434,0.021132692231674945,False
0.0,0.08,0.031220127173242105,0,0.08599513083439315,0.0,0.12443135207960813,1557049710.714384,0.027646846426326893,True
0.0,0.08,0.031279069568893474,0,0.08121720134373002,0.0,0.12517103479398972,1557049710.7363262,0.013831002924620611,True
0.0,0.08,0.030010746392936914,0,0.06896366748655802,0.0,0.12840018135462317,1557049710.7572696,-0.0015765929287827754,True
0.0,0.08,0.029529419345658097,0,0.06996094928954831,0.0,0.13751773928597574,1557049710.7792113,0.015825832559118413,True
0.0,0.08,0.028512531202531444,0,0.06568714943506997,0.0,0.1254992254286103,1557049710.8011522,-0.0003909448307431803,True
0.0,0.08,0.028332172122101634,0,0.06489473042362126,0.0,0.1263900769828767,1557049710.822096,-0.007079124891792147,True
0.0,0.08,0.028353173432497398,0,0.06614523698165867,0.0,0.12197890851082424,1557049710.8440375,-0.009957943435311879,True
0.0,0.08,0.029206566227087637,0,0.06451206584833184,0.0,0.13842597993656863,1557049710.865979,0.0006490097423051514,True
0.0,0.08,0.03036423774055681,0,0.06481585190606799,0.0,0.13387095995906723,1557049710.886923,-0.00042466249390930454,False
0.0,0.08,0.028245336592860527,0,0.06104248714508344,0.0,0.1347355402540542,1557049710.9088643,-0.004746950087668437,True
0.0,0.08,0.02832550182569308,0,0.06689151572883906,0.0,0.12932029923417782,1557049710.9308054,0.010433441026204965,True
0.0,0.08,0.028047631967801145,0,0.06472796178456995,0.0,0.128293263501742,1557049710.9517496,-0.009222013689160686,True
0.0,0.08,0.030038922630662115,0,0.06542654465110073,0.0,0.1292759987031176,1557049710.9736912,-0.0005442797931191265,False
0.0,0.08,0.03105698192157653,0,0.06868788508350614,0.0,0.13779338725669868,1557049710.994635,0.00658467265719022,True
0.0,0.08,0.030207502087331733,0,0.06738186755623682,0.0,0.14418270912710757,1557049711.0165763,-0.011602218034008824,True
0.0,0.08,0.029237877455731913,0,0.06177010235317225,0.0,0.12210505297018344,1557049711.039515,-0.010839105458977299,True
0.0,0.08,0.028989275563212045,0,0.06105516991512254,0.0,0.12880687430735313,1557049711.0614562,-0.0024049796462925024,True
0.5013402877385141,0.091,0.031947605541923225,0,0.07037801791676182,0.5013402877385141,0.2479907866164597,1557049711.0824006,0.011489329553718109,True
0.911507986526133,0.111,0.02796474977050866,1,0.07284048338135168,0.911507986526133,0.5308975204502382,1557049711.1043422,-0.28062453659751757,False
1.8230555917764155,0.151,0.007542094413104683,1,0.06079032173445401,1.8230555917764155,0.029116946403131765,1557049711.1252856,-0.9545745638067757,False
2.7215277644969604,0.208,0.01362988455584717,1,0.04711664969754832,2.7215277644969604,0.15621412842147114,1557049711.147227,-0.9366209016662779,False
2.8713125570478564,0.271,0.017290377714733976,1,0.025517967048785464,2.8713125570478564,0.1867092120762909,1557049711.1691685,-0.936284863876364,False
2.9602245722676925,0.333,0.020720959791248376,1,0.005755168767361463,2.9602245722676925,0.20000602007547985,1557049711.1901126,-0.9452274915569351,False
2.233243099926109,0.382,0.02324676407479704,1,-0.003609099325996812,2.233243099926109,0.19177732695513483,1557049711.2120538,-1.0384313308431725,False
0.8116837192359363,0.399,0.034070245785513764,1,0.03266781661541979,0.8116837192359363,0.21317157930192474,1557049711.232998,-0.7759281637815778,False
0.13078318712842485,0.402,0.027357899716928213,1,0.0652341744808063,0.13078318712842485,0.09647819719452112,1557049711.2559366,-0.5654712265834714,False
