True,0,0.15285411580048908,0,1557049665.0578187,0,0.4806043651911532,0.5,-0.0203777119148053,0.09703346502110327
True,0.0,0.128777917850615,0,1557049665.0807564,0.0,0.4752618298451141,0.5,-0.00872687597053894,0.06608493574996789
True,0.0,0.13902570261050842,0,1557049665.1017003,0.0,0.45798794688065997,0.5,0.019026687308760948,0.05296334958196693
True,0.0,0.13428288420726422,0,1557049665.123642,0.0,0.471822931574652,0.5,0.005981003586975848,0.04436565019085509
True,0.0,0.1381214712239699,0,1557049665.1455836,0.0,0.4864284569963074,0.5,0.002685890986739073,0.03944950873661453
True,0.0,0.13640530605924597,0,1557049665.1665273,0.0,0.49263697063635503,0.5,0.0036837608288826564,0.03667958098558221
True,0.0,0.13747893097075384,0,1557049665.1884685,0.0,0.4912183813787983,0.5,-0.0004781494823774762,0.033119684512643674
True,0.0,0.1376830325580315,0,1557049665.2104099,0.0,0.49053831259467895,0.5,0.003941848087125432,0.030253159016357428
True,0.0,0.1321763150814219,0,1557049665.2323513,0.0,0.49678852616439273,0.5,0.006690524367540259,0.030208047964163872
True,0.0,0.12499468188336657,0,1557049665.2532957,0.0,0.4950832084613327,0.5,-0.0032633912961092075,0.031309942321825115
True,0.0,0.11741804800597073,0,1557049665.2752368,0.0,0.4956279813386414,0.5,-0.011100453277814403,0.030297155078354215
True,0.0,0.11536779964909867,0,1557049665.297178,0.0,0.4912233384405866,0.5,0.01399066422288188,0.030236205712766015
True,0.0,0.12638145883920346,0,1557049665.3191197,0.0,0.4970868208689516,0.5,0.01967279932500731,0.02904139067477887
True,0.0,0.12237557590391883,0,1557049665.3415647,0.0,0.4907408167403921,0.5,0.014334663719198745,0.027133379547602986
False,0.0,0.1271577037775671,0,1557049665.363506,0.0,0.4928260398974045,0.5,0.005951470039696699,0.029824297376014507
True,0.0,0.12840516815354977,0,1557049665.3844497,0.0,0.48898853324269737,0.5,-0.0037029090297645935,0.029752871787290247
True,0.0,0.1403429057064556,0,1557049665.4063914,0.0,0.4940849771507278,0.5,0.0034930636244590303,0.03141632460826337
True,0.0,0.12876238141295407,0,1557049665.4283328,0.0,0.49238204644301614,0.5,0.008293483635465535,0.03279696290681284
True,0.0,0.12658877499503773,0,1557049665.4497821,0.0,0.4897027730116591,0.5,-0.005188149002002619,0.03409247776280793
True,0.0,0.11997095341260149,0,1557049665.4717236,0.0,0.49152001271385437,0.5,-0.0028190059992369413,0.03355591405043597
True,0.0,0.1227288727609944,0,1557049665.4936645,0.0,0.49385275282693225,0.5,0.005507500066603079,0.03326047764742392
True,0.0,0.12967451216264742,0,1557049665.5146084,0.0,0.4895375312653005,0.5,0.006374231273908863,0.03394862608017285
True,0.0,0.13248618040129456,0,1557049665.5360558,0.0,0.4826415166191566,0.5,-0.002174006525300865,0.03439763602867931
True,0.0,0.13887604064007616,0,1557049665.557997,0.0,0.4880760540698898,0.5,-0.0027853572360697285,0.033346856252521345
True,0.0,0.1341205967082335,0,1557049665.579939,0.0,0.48336559956074904,0.5,-0.0018767030359375853,0.0325782714531299
True,0.0,0.13748144710006543,0,1557049665.6018803,0.0,0.4857779425564757,0.5,0.001555373395529221,0.03221027327444003
True,0.0,0.13349993473309626,0,1557049665.6228242,0.0,0.4888562519890224,0.5,0.01214987626897221,0.03166772648465576
True,0.0,0.12473696941195987,0,1557049665.646267,0.0,0.49451462841177946,0.5,0.017869325026984805,0.03126365951462453
True,0.0,0.1296977961624526,0,1557049665.6682084,0.0,0.49498575631556696,0.5,0.024678922350460153,0.030631708768708455
False,0.0,0.1384979053637981,1,1557049665.6891525,0.0,0.4955035162281438,0.5,0.020189567559824036,0.034643928682140473
False,0.0,0.13803335346096368,1,1557049665.7110944,0.0,0.49823636733675974,0.5,0.014433581109697197,0.03399503398385038
False,0.0,0.13694296475318413,1,1557049665.733035,0.0,0.4972783364227951,0.5,0.003275333383258845,0.03583911281244917
False,0.0,0.1395569412234571,1,1557049665.7539792,0.0,0.49442493967215434,0.5,-0.005088450730872217,0.036360688060947485
False,0.0,0.14650547789502377,1,1557049665.7759206,0.0,0.4929523672969314,0.5,0.0035124002701843967,0.03933949270898177
False,0.0,0.12893357098097818,1,1557049665.7978623,0.0,0.49008238935296294,0.5,0.002232715998180448,0.04134997465481202
False,0.0,0.13421872987431643,1,1557049665.819804,0.0,0.49316273420176143,0.5,0.000989422606315582,0.045512214116149224
True,0.0,0.12527660689458936,0,1557049665.841745,0.0,0.498932122255664,0.5,-0.009810200567215507,0.03897800370545088
True,0.0,0.1249732295136194,0,1557049665.863686,0.0,0.49638840688999974,0.5,-0.002261115526874153,0.03556371421286351
True,0.0,0.13232589445014123,0,1557049665.8846304,0.0,0.5012262933601922,0.5,-0.013973988525870727,0.03501256040627357
True,10.118288378158107,0.17279637885415622,0,1557049665.906571,10.118288378158107,0.49909482045657844,0.722,-0.015010306004941234,0.03874859394987872
False,0.6836235616259745,0.3120147168400333,0,1557049665.9285128,-0.6836235616259745,0.48676381246974504,0.707,-0.15781413042999073,0.0501794523267849
True,0.2278819489720522,0.2698889792533971,0,1557049665.950454,-0.2278819489720522,0.5340020073675429,0.702,0.020988375096334687,0.03234874475230756
True,0.13672916938323132,0.2003962736886721,0,1557049665.9723952,-0.13672916938323132,0.5646374234507442,0.699,0.1083401617768825,0.026880516314753414
True,0.0,0.14768756885198867,0,1557049665.9933395,0.0,0.5766228303318509,0.699,0.0504608243485382,0.02462654727907735
True,0.0,0.14508847361270175,0,1557049666.0152807,0.0,0.5848966983215914,0.699,0.01838415740920712,0.022773275252459726
False,0.04557440890125178,0.13593708027428986,0,1557049666.0372229,-0.04557440890125178,0.5812974139686506,0.698,0.0015045282456637354,0.02575645777747073
True,0.3190451290410217,0.19738745333047544,0,1557049666.0591633,-0.3190451290410217,0.5929989888295187,0.691,0.035738139202392015,0.02736954781958952
True,0.8594298203674567,0.3927368895095647,0,1557049666.0801075,-0.8594298203674567,0.6049129652873803,0.673,0.04196172463833532,0.04622428774700181
True,1.2305491529843864,0.5398919203920165,0,1557049666.1020489,-1.2305491529843864,0.5793443225748086,0.646,-0.2717982290146372,0.047906034330554924
True,1.2305357818102804,0.6672770848141196,0,1557049666.1239905,-1.2305357818102804,0.5573525505735938,0.619,-0.4525699451477487,0.05710371454311458
True,0.3190381953122456,0.611272292191422,0,1557049666.1459315,-0.3190381953122456,0.6031758920808687,0.612,0.04554752530422989,0.0651956130740226
True,0.047746644658204836,0.4680385387178088,0,1557049666.1668754,-0.047746644658204836,0.6017067640339987,0.611,-0.01413058569354893,0.06898248180447082
True,0.0,0.32042906362010015,0,1557049666.1888165,0.0,0.5885793393229354,0.611,-0.046375775539854835,0.06749733795724315
True,0.0,0.22749461453137898,0,1557049666.2107582,0.0,0.563074407594463,0.611,-0.08043945399642019,0.06268386241435364
True,0.1822996164335932,0.23317604026931468,0,1557049666.2327,-0.1822996164335932,0.5817561543552957,0.607,0.015988062827418773,0.06741451265447114
True,0.6836607045834879,0.3361531843395908,0,1557049666.2546408,-0.6836607045834879,0.6140951188045916,0.592,0.12322510886049828,0.0685227989939117
True,0.9590667373431874,0.3416296809459767,0,1557049666.2775798,-0.9590667373431874,0.5306673747715959,0.57,-0.42892865924225565,0.05260598164601406
True,1.3846684577205004,0.20845660831355753,0,1557049666.2985234,-1.3846684577205004,0.5154390668378648,0.541,-0.829309996214471,0.020540093596890668
False,1.7774598876441137,0.08448208606509895,1,1557049666.3204648,-1.7774598876441137,0.480163022347805,0.502,-1.2457700643202927,0.0062797286976705195
False,1.6862897750733445,0.09607063323985895,1,1557049666.3424065,-1.6862897750733445,0.4541135324813766,0.465,-1.3440580434442873,0.01098679865652349
False,1.2891740813259882,0.11289517677151448,1,1557049666.3633502,-1.2891740813259882,0.42961280984073663,0.438,-1.3005973486865086,0.015094398039470956
False,1.0482227944931608,0.11870133351607162,1,1557049666.385292,-1.0482227944931608,0.40438564567781965,0.415,-1.1982437397209504,0.020797016072402398
False,1.2305758962043734,0.13608334449992296,1,1557049666.407233,-1.2305758962043734,0.3743997463326378,0.388,-1.2148153590086046,0.02378721583398526
False,1.3672322670375534,0.13506845695299788,1,1557049666.4291751,-1.3672322670375534,0.346851100161647,0.358,-1.2845202208022657,0.02415003171441424
False,1.2414551581248134,0.1297797180013665,1,1557049666.4501183,-1.2414551581248134,0.32117767193025937,0.332,-1.2619950852966682,0.02914914274350009
False,1.002658785178747,0.13019071227558004,1,1557049666.47206,-1.002658785178747,0.2967926502102495,0.31,-1.144032834216903,0.030205085963159822
True,1.0981728271387112,0.1298511457437971,1,1557049666.4930038,-1.0981728271387112,0.2757339919242191,0.287,-1.1431108337815383,0.029008174177948105
False,1.230549152984384,0.1290577420646033,1,1557049666.5149453,-1.230549152984384,0.2496315445179267,0.26,-1.1764878967200825,0.03044154645139541
False,1.5951563094242034,0.13019905946727273,1,1557049666.5368867,-1.5951563094242034,0.21843290590606668,0.225,-1.3299458502324644,0.037792780928518135
False,1.538646597818958,0.13490555419003072,1,1557049666.558334,-1.538646597818958,0.1854662957403761,0.192,-1.3996781421732198,0.039748976676169244
False,1.52787523620882,0.12324216516852815,1,1557049666.5792782,-1.52787523620882,0.15714843338244952,0.16,-1.4321266096331617,0.03954574641828379
False,0.8659419965445683,0.11873547882372648,1,1557049666.6012197,-0.8659419965445683,0.14327230198300944,0.141,-1.232765884928258,0.03809158408832022
False,0.6836384183246579,0.09828410628816459,1,1557049666.623161,-0.6836384183246579,0.1381953842633542,0.126,-1.0245838951262705,0.035585399676350174
True,0.8116837192359356,0.13020825429784774,0,1557049666.6441052,-0.8116837192359356,0.1270099948977391,0.109,-0.9521760826380496,0.036154473266807256
True,1.3217153040379015,0.13899453702291456,0,1557049666.6660464,-1.3217153040379015,0.09670757262210285,0.08,-1.0950116567637131,0.038668878433111814
True,1.1393849831576661,0.1416448519386551,0,1557049666.687988,-1.1393849831576661,0.07000658775224995,0.055,-1.0988690826764127,0.03609005624279069
True,0.3646111183552832,0.15267258560601013,0,1557049666.7099292,-0.3646111183552832,0.07667201706454173,0.047,-0.7520269175371946,0.0364363136685679
True,0.13672768366493182,0.11360717469085742,0,1557049666.7318707,-0.13672768366493182,0.08524951776802009,0.044,-0.4918105426562503,0.02567250590801312
True,0.13673065513381924,0.11230675981294104,0,1557049666.7538116,-0.13673065513381924,0.0892733956617297,0.041,-0.385098756383752,0.022330281895082304
True,0.0,0.11926122469113526,0,1557049666.7747562,0.0,0.0873072118317738,0.041,-0.29608398915933953,0.019057089085074773
True,0.0,0.12070259970084904,0,1557049666.7966971,0.0,0.07973772170923911,0.041,-0.19605580537072562,0.02268318547788682
False,0.04557589455497728,0.12815558504008923,0,1557049666.8186386,-0.04557589455497728,0.08024219752395954,0.04,-0.14044509028999366,0.02039257977175435
True,0.0,0.12014200119986725,0,1557049666.8395824,0.0,0.07317812535892809,0.04,-0.10952952408694827,0.022334796514764138
False,0.0,0.13155345550460115,0,1557049666.8615236,0.0,0.07372683215593438,0.04,-0.061705541191121226,0.0242311568834098
True,0.0,0.13237872399996892,0,1557049666.8834653,0.0,0.06149650740012596,0.04,-0.05575508934952426,0.02533003666322686
True,0.0,0.12744332938291353,0,1557049666.9054065,0.0,0.05843201554192591,0.04,-0.04207369519141465,0.026208793459063063
True,0.0,0.11764801517376786,0,1557049666.9263513,0.0,0.05427675264778362,0.04,-0.030183936741375178,0.025160018884094054
True,0.0,0.12926231045634026,0,1557049666.9482918,0.0,0.05540963201586676,0.04,-0.02977970076783675,0.02440456891821412
True,0.0,0.12353552781686264,0,1557049666.9702334,0.0,0.05488196475269716,0.04,-0.02057956489281284,0.024697259389848233
True,0.0,0.13246924632686763,0,1557049666.9911778,0.0,0.05316423173527698,0.04,-0.018832715392660942,0.025223203029231443
False,0.0,0.1274126148374751,0,1557049667.0131187,0.0,0.05274759763338185,0.04,-0.0003048836684005848,0.027626007798112
True,0.0,0.1300641467107215,0,1557049667.0340626,0.0,0.04678701373057708,0.04,-0.005056730394976225,0.026122457158363567
False,0.0,0.13072740219602533,0,1557049667.05551,0.0,0.051712294000843304,0.04,-0.011632346778664242,0.028766510023297394
True,0.0,0.13249766945710054,0,1557049667.0774517,0.0,0.05181504682444652,0.04,0.000884219274448836,0.02759647392766364
False,0.0,0.11948566368292006,0,1557049667.0993927,0.0,0.053127926697229905,0.04,-0.002317462503481916,0.02748270000588671
True,0.0,0.13019078956216096,0,1557049667.121334,0.0,0.054670658300786296,0.04,-0.002886735020064833,0.028450941511385688
True,0.0,0.116646673667132,0,1557049667.1427817,0.0,0.05489393058816634,0.04,0.004091056719625206,0.02712392819037675
True,0.0,0.13004440423110927,0,1557049667.1647232,0.0,0.053865067266349605,0.04,-0.0002994415203076802,0.02830256878085408
True,0.0,0.14067391767033538,0,1557049667.185667,0.0,0.04927535849609593,0.04,0.008511149597388214,0.026107137980635967
True,0.0,0.13336437152650393,0,1557049667.2076085,0.0,0.046412159966376994,0.04,0.004234853936897352,0.02360278747506199
True,0.0,0.13217460935198805,0,1557049667.22955,0.0,0.04801359043586191,0.04,0.0036310475783224248,0.02384376464466564
True,0.0,0.12390300620085072,0,1557049667.2519948,0.0,0.046520424320195874,0.04,0.0010174133853436966,0.023855646369735365
True,0.0455749041083983,0.1363247282245639,0,1557049667.2739367,0.0455749041083983,0.04349637876975241,0.041,0.002836096983381859,0.022081990716410087
True,0.13673065513381924,0.15436443089529095,0,1557049667.2958777,0.13673065513381924,0.047273748799231546,0.044,0.004941374409054255,0.023617241666836233
True,0.27345536732986364,0.19129904737242215,0,1557049667.317819,0.27345536732986364,0.05357803402679074,0.05,0.022048598478051126,0.023633106820475935
True,0.4557638979441037,0.2755800294648417,0,1557049667.3397603,0.4557638979441037,0.060057984774819856,0.06,0.09083636922535106,0.02681593090964618
False,0.46624099599822183,0.3262014485516857,1,1557049667.3612084,0.46624099599822183,0.06393117783067638,0.07,0.09928276088817141,0.03216111307671298
False,0.23873594098629344,0.3057122227717709,1,1557049667.382152,0.23873594098629344,0.06494729826731287,0.075,0.060310265943173985,0.03422573968799839
False,0.2734523959578401,0.2948826713787665,1,1557049667.4040937,0.2734523959578401,0.07244329165894146,0.081,0.0830876177390239,0.036194519999115
False,0.2387277880861038,0.2886576245862405,1,1557049667.425038,0.2387277880861038,0.07436768302895265,0.086,0.06912689309808089,0.039551480367308836
False,0.3487624155493195,0.3024933486629158,1,1557049667.4479764,0.3487624155493195,0.0813181372078804,0.094,0.11042582508758249,0.04329030883542949
False,0.4297149101837303,0.32208648144014534,1,1557049667.4689205,0.4297149101837303,0.09106236688712777,0.103,0.16286428431044492,0.044032171247456786
True,0.31902779528414676,0.32772339495943553,1,1557049667.4908621,0.31902779528414676,0.09190178774223262,0.11,0.15643631222391452,0.0456526215614441
False,0.5013402877385141,0.3574067884394799,1,1557049667.5128033,0.5013402877385141,0.10366963113916783,0.121,0.20709158514493736,0.052427895090815566
False,0.859439603847687,0.4539076412505237,1,1557049667.5337472,0.859439603847687,0.11979132304544474,0.139,0.3407438011740163,0.059198828023913866
False,0.6380417246175236,0.398264338952306,1,1557049667.5556893,0.6380417246175236,0.13813077289373724,0.153,0.436473130987664,0.05837395162322716
False,0.638083324277922,0.33708810810187845,1,1557049667.57763,0.638083324277922,0.15566334384929834,0.167,0.48875333752384104,0.05820098211766095
False,0.954922022630512,0.29307011262187993,1,1557049667.5985742,0.954922022630512,0.19085684378678325,0.187,0.7014008584201012,0.05638598928835247
False,1.1393973638744306,0.10848792391741381,1,1557049667.6205156,1.1393973638744306,0.22055971631730434,0.212,0.9001374251349958,0.04719568962213224
False,1.4324156459177633,0.13192405777221697,1,1557049667.6414592,1.4324156459177633,0.22278858749567637,0.242,1.0746780035098704,0.05900506721590943
False,1.321700942094341,0.11975910659520848,1,1557049667.6634007,1.321700942094341,0.24676505473634514,0.271,1.1847033609876014,0.05741631025967492
False,1.6711135396033956,0.10795090644752761,1,1557049667.6843448,1.6711135396033956,0.27944031987701273,0.306,1.3150463628160247,0.05421926521620624
False,2.369946516858816,0.034082871673579596,1,1557049667.7062862,2.369946516858816,0.3468775253247769,0.358,1.7318692700206284,0.008380928514022775
False,2.5783481626519738,0.07255913406435677,1,1557049667.7272298,2.5783481626519738,0.3940356418515858,0.412,1.8998784289443815,0.00931977712387078
False,2.187619167662721,0.11688701725561505,1,1557049667.7491715,2.187619167662721,0.4353068303781296,0.46,1.9687032804822187,0.013257276393313195
False,2.0965139305428777,0.1292964706266486,1,1557049667.7711127,2.0965139305428777,0.47793735006286836,0.506,2.0245301867540686,0.016386473095321638
True,1.6711325630371692,0.12398693838676657,1,1557049667.7920566,1.6711325630371692,0.5195217727061758,0.541,1.9045019240291208,0.019650240629213746
False,1.2761250475393586,0.12286942340909518,1,1557049667.813998,1.2761250475393586,0.5504675643737839,0.569,1.6868896768513444,0.023216101913493024
False,1.0981728271387112,0.13249880827365904,1,1557049667.8349419,1.0981728271387112,0.584329520311662,0.592,1.4167153566571724,0.018619706157041165
False,1.0462546225562044,0.1282634328654316,1,1557049667.8578808,1.0462546225562044,0.6152016934362639,0.616,1.2794816792563128,0.018616396978124172
False,1.145906427156616,0.12460395743594163,1,1557049667.878825,1.145906427156616,0.6399435981917608,0.64,1.2445453339195285,0.02056512261104151
False,1.1849861346546713,0.1273923562612142,1,1557049667.9007661,1.1849861346546713,0.6661889362065859,0.666,1.2258658450163382,0.02329348001034771
False,1.2891594057715252,0.1270904425385582,1,1557049667.92171,1.2891594057715252,0.6916672347621142,0.693,1.2450467577163904,0.02454326923065538
False,1.1849603824839736,0.11248758555133294,1,1557049667.9436517,1.1849603824839736,0.7191176552687417,0.719,1.2159790541896562,0.026751387348453337
False,1.50400452031425,0.11857239271665193,1,1557049667.965593,1.50400452031425,0.7475089649778334,0.752,1.3096833186581436,0.02751803482106092
False,2.2440156634186343,0.1204318867591823,1,1557049667.9865377,2.2440156634186343,0.7896321555021925,0.799,1.7374035111232098,0.023372777576884506
False,1.868672592528195,0.1396278593541979,1,1557049668.0084784,1.868672592528195,0.8325780261077519,0.84,1.7785147030655932,0.023333547649109276
False,1.6711325630371692,0.13401576627986939,1,1557049668.0294223,1.6711325630371692,0.8627837832953283,0.875,1.7094737727359772,0.02831916903287728
False,1.04825696527144,0.11691904345781187,1,1557049668.0513635,1.04825696527144,0.8741847678140057,0.898,1.4929033628472397,0.038326279078801574
True,0.50133484010475,0.10267705356998705,1,1557049668.073305,0.50133484010475,0.8648470922937275,0.909,1.2688925367101156,0.03897689199736749
False,0.47746101131525664,0.07661338278035036,1,1557049668.094249,0.47746101131525664,0.8963108230043567,0.919,1.1192760089769387,0.04914814097139927
False,0.5924930673273356,0.11083758231831774,1,1557049668.1161902,0.5924930673273356,0.9273093338568108,0.932,0.9472940768994974,0.04153143166785459
False,0.5924866292146995,0.11489159798367214,1,1557049668.1381316,0.5924866292146995,0.9416605715288953,0.945,0.8418265182289406,0.03553748906327412
False,0.28647986794922903,0.11063381180017721,1,1557049668.1590755,0.28647986794922903,0.955928721434489,0.951,0.6487743735177051,0.027546814340013548
True,0.09115079865261336,0.12153427802553662,1,1557049668.1810172,0.09115079865261336,0.9446163884191667,0.953,0.42722651852756904,0.024126627008912833
False,0.0,0.1273051609756512,1,1557049668.2029586,0.0,0.945952177314278,0.953,0.25913815209971414,0.01569083008347369
False,0.09549328931640967,0.1429568516461436,1,1557049668.2239025,-0.09549328931640967,0.9433423697323782,0.951,0.1788236003861664,0.018231100864695406
False,0.045576389794410435,0.14214769756465426,1,1557049668.2458436,-0.045576389794410435,0.9391280821093849,0.95,0.12328595003295255,0.05472437909995878
True,0.0,0.14599665806590173,1,1557049668.2682896,0.0,0.9431088065779382,0.95,0.06474531856840006,0.021515969341652355
False,0.0,0.14041291641532483,1,1557049668.2892334,0.0,0.9433341079812381,0.95,0.024323314874532077,0.02623352834962277
False,0.0,0.12612479119390457,1,1557049668.3111746,0.0,0.9436399742994497,0.95,0.01696500924971303,0.027601405276216816
False,0.0,0.13113662678322346,1,1557049668.3321187,0.0,0.9449385292016246,0.95,0.013894234176820024,0.028154029184886332
False,0.09115277958882087,0.13726825052300853,1,1557049668.35406,-0.09115277958882087,0.9402845524676345,0.948,0.0073677488784407805,0.028689979855506427
False,0.0,0.1263883817614346,1,1557049668.3750038,0.0,0.9409282809583839,0.948,0.004595239829241239,0.02944965172301168
True,0.0,0.12234024772694815,1,1557049668.3979428,0.0,0.9412433647910861,0.948,-0.002947095803631651,0.02906390597152452
False,0.0,0.12520305593784034,1,1557049668.4188867,0.0,0.940444543359037,0.948,0.002155271144419292,0.03210286995315267
False,0.0,0.15115570962046665,1,1557049668.4408283,0.0,0.9391907170245158,0.948,-0.001291546065478322,0.031635658946784224
False,0.0,0.1414710335926042,1,1557049668.4627697,0.0,0.936546770473831,0.948,-0.00580367464672843,0.03202978949567863
True,0.0,0.13276786314415134,1,1557049668.4837134,0.0,0.9425985567329459,0.948,0.0047694615514686425,0.029755295664126994
False,0.0,0.14391277951232875,1,1557049668.5056548,0.0,0.9421282741531235,0.948,0.0048460264480952725,0.03165557030003014
True,0.0,0.11702729425048233,1,1557049668.5265992,0.0,0.9391849133211245,0.948,0.005786347933894242,0.0304035132582086
False,0.0,0.11285165872213396,1,1557049668.54854,0.0,0.9361448359380238,0.948,-0.0023555981462885013,0.03353629941688995
False,0.0,0.1142844790798875,1,1557049668.5704813,0.0,0.9337382463844952,0.948,0.007096490108324092,0.0340618830841614
False,0.0,0.11748361600350535,1,1557049668.592423,0.0,0.9319358650918647,0.948,0.003301025011112488,0.034986383966984835
False,0.0,0.13202013039402247,1,1557049668.6133673,0.0,0.933131234883701,0.948,0.004954183256706055,0.037141866030226706
False,0.0,0.13502694112009644,1,1557049668.6353083,0.0,0.928793762985724,0.948,0.007706379520317271,0.03846900724830382
False,0.0,0.1336124458222303,1,1557049668.6562521,0.0,0.927690163727546,0.948,2.6344861002773503e-05,0.03797166256270491
False,0.0,0.12339189869287943,1,1557049668.6781933,0.0,0.9283266164407707,0.948,-0.006677584201169359,0.03818982248322845
False,0.0,0.12796258782558387,1,1557049668.700135,0.0,0.9276794373842034,0.948,-0.007107432910585285,0.03919216430853862
False,0.0,0.12791715455491035,1,1557049668.721079,0.0,0.9262470736162686,0.948,0.002737190794677288,0.040714873707934515
False,0.0,0.13983393947397316,1,1557049668.7430205,0.0,0.9235277874635456,0.948,-0.000503587956635431,0.043162816233207266
True,0.0,0.13024733913963932,1,1557049668.7644682,0.0,0.9353080633891133,0.948,0.005001743686843659,0.03337706022993087
False,0.0,0.12860420467355518,1,1557049668.7864096,0.0,0.9349969687201872,0.948,-0.0031684857301579193,0.036477762089288775
False,0.0,0.1245202610137886,1,1557049668.8073535,0.0,0.933247789138447,0.948,0.0028264897560581884,0.03605460911682592
False,0.0,0.1324386501307643,1,1557049668.8292952,0.0,0.9346273307729722,0.948,-0.006870472913377583,0.03712305111983824
False,0.0,0.12354478712653434,1,1557049668.8507428,0.0,0.9332788876828094,0.948,-0.030188670364679534,0.03687276584186039
False,0.045576389794410435,0.1251398818566871,1,1557049668.872684,-0.045576389794410435,0.9309770328058321,0.947,-0.02197326445968033,0.03981010451082278
False,0.286476606789154,0.19021907730555848,1,1557049668.8936281,-0.286476606789154,0.9293635455901562,0.941,-0.04878489301499378,0.04301214878370659
False,0.7292063892209019,0.2718930849459577,1,1557049668.9155698,-0.7292063892209019,0.9110067728719082,0.925,-0.2709326092572051,0.04889394295601715
False,2.1008284497871292,0.3116037338295149,1,1557049668.936514,-2.1008284497871292,0.9137706428495816,0.881,-0.17783593265900022,0.05353496419056895
False,2.4503863271831174,0.3229542132729119,1,1557049668.9589593,-2.4503863271831174,0.9097853660332756,0.826,-0.1836300961342926,0.05782741542374501
False,3.2467718367579237,0.3425490348585329,1,1557049668.9799032,-3.2467718367579237,0.9059893291060551,0.758,-0.19171025390007954,0.06226010650437514
False,3.2815000651975463,0.3588551903079243,1,1557049669.0018444,-3.2815000651975463,0.9020452069763633,0.686,-0.19083073956472582,0.06768518523192163
False,4.488082416018764,0.3622905704816174,1,1557049669.0227888,-4.488082416018764,0.8976440363371695,0.592,-0.18564377554489886,0.07288948088908201
True,3.7827170409970536,0.3763843081835901,1,1557049669.0447307,-3.7827170409970536,0.8934659788453656,0.509,-0.1929681309978987,0.07836198829254881
False,2.844164923241104,0.37704307033435097,1,1557049669.066178,-2.844164923241104,0.8889694558665607,0.448,-0.18678632176494697,0.08464690279807689
False,2.9624653366366758,0.3822000298998971,1,1557049669.0881193,-2.9624653366366758,0.8848603361920044,0.383,-0.18595144329750102,0.0904724005474357
False,2.339558955444755,0.5804381580068685,1,1557049669.1090634,-2.339558955444755,0.8593572773095496,0.334,-0.438067086248521,0.0945692307306655
False,2.096491149528955,0.08894742189202981,1,1557049669.1310048,-2.096491149528955,0.7499886950644735,0.288,-1.6004822553907296,0.0016745083578729519
False,1.6407322039791794,0.11944598252420055,1,1557049669.1529462,-1.6407322039791794,0.7135801724272578,0.252,-1.5982166782007232,0.010954709853161704
False,1.7188400742199508,0.1302958435265693,1,1557049669.1738906,-1.7188400742199508,0.6800744312668341,0.216,-1.6424001052002364,0.015719985007972368
False,1.3217296662935876,0.14173666787627343,1,1557049669.1958315,-1.3217296662935876,0.6472152264670658,0.187,-1.5262266490340524,0.020407405501837065
False,0.7747986265049762,0.10031052846132021,1,1557049669.2177727,-0.7747986265049762,0.6253253805630248,0.17,-1.2370743517653375,0.027739488418368846
False,0.859429820367462,0.09401409990957149,1,1557049669.2387168,-0.859429820367462,0.601114873931024,0.152,-1.1551536764197432,0.032161189594511835
False,0.9115178910995443,0.10677720169023033,1,1557049669.2606583,-0.9115178910995443,0.5751799040289566,0.132,-1.0864681334598045,0.03362087540927772
False,1.0981603260250896,0.12250183556113672,1,1557049669.2816024,-1.0981603260250896,0.5532864287491986,0.109,-1.0948546205087184,0.035455489490469665
False,1.0482455747644768,0.12106078963007327,1,1557049669.3035438,-1.0482455747644768,0.529513065014946,0.086,-1.0698596271537761,0.03605783785829937
False,0.7292222367105657,0.11715156666708217,1,1557049669.325485,-0.7292222367105657,0.5098954566723387,0.07,-0.9450781679842211,0.04111474354127781
False,0.2734523959578401,0.11838779664829219,1,1557049669.3474267,-0.2734523959578401,0.48667253228249785,0.064,-0.6576418681455963,0.05239643538420655
False,0.19098657863281934,0.12484764981521118,1,1557049669.3683705,-0.19098657863281934,0.4719003524779316,0.06,-0.5433144144113798,0.05824910873023973
True,0.04557688504460652,0.10025535832435419,1,1557049669.3903115,-0.04557688504460652,0.39613635796181285,0.059,-0.35470708140139956,0.01338478679494485
False,0.0,0.11539260404781629,1,1557049669.4112556,0.0,0.3852634731023099,0.059,-0.2989904147799413,0.02158004351299063
False,0.0,0.11362217950273514,1,1557049669.433197,0.0,0.3816327792318341,0.059,-0.22045716186624384,0.021283183209406458
True,0.0,0.13195070387567748,1,1557049669.4551382,0.0,0.3576999794271194,0.059,-0.17339463264396413,0.021052543218678013
False,0.0,0.1187470308463317,1,1557049669.476082,0.0,0.36096290776496287,0.059,-0.09964168439353506,0.020143672740102515
False,0.0,0.12950682429408727,1,1557049669.4980237,0.0,0.3598193141118609,0.059,-0.06338736348379852,0.02364203672471622
False,0.0,0.1353472260003407,1,1557049669.5199652,0.0,0.3567134607833729,0.059,-0.03275347369732165,0.02494952977433018
False,0.0,0.1216889940748095,1,1557049669.540909,0.0,0.35683325030189095,0.059,-0.013588496397355118,0.027372412547137116
False,0.0,0.12592809996916315,1,1557049669.5628502,0.0,0.35772369968647044,0.059,-0.007766296817063998,0.029391193232907887
False,0.0,0.1170719911657741,1,1557049669.5837946,0.0,0.35710091336685684,0.059,-0.011014059303985278,0.03129978247106611
False,0.0,0.12206248858018867,1,1557049669.6057358,0.0,0.3593281401653528,0.059,-0.010500228347037921,0.03497536435233885
False,0.0,0.1269115374546511,1,1557049669.62668,0.0,0.36065725486169714,0.059,-0.00436277268256646,0.03712203479752529
False,0.0,0.13014120408632293,1,1557049669.6496184,0.0,0.36117536707819314,0.059,-0.011073990211132062,0.03956424245000876
False,0.0,0.12467498573176992,1,1557049669.6705625,0.0,0.3612713884940924,0.059,-0.008872276378695504,0.04228702915728752
False,0.0,0.12503100060416253,1,1557049669.6925037,0.0,0.3581978865358716,0.059,-0.009429699330333446,0.04674972461224029
True,0.0,0.11481619578555631,0,1557049669.7134476,0.0,0.30459461616514605,0.059,-0.03221874494513217,0.03426368070301773
True,0.0,0.12142891122379718,0,1557049669.7353892,0.0,0.2869956579001746,0.059,-0.03411486623484912,0.027385476599832682
True,0.0,0.12638237928268345,0,1557049669.7573307,0.0,0.2722449870426055,0.059,-0.0358360044692995,0.02108097277599233
True,0.0,0.1294259832564176,0,1557049669.7792718,0.0,0.26222436230723806,0.059,-0.028295729240591004,0.02216130288320243
True,0.0,0.12614022186988627,0,1557049669.8002157,0.0,0.24948302186803364,0.059,-0.03812191157182464,0.02060803660930748
True,0.0,0.1276630929028385,0,1557049669.8221574,0.0,0.23578159331123721,0.059,-0.03707643538744701,0.023245164344694962
True,0.0,0.134107069154159,0,1557049669.8440986,0.0,0.21555793821813138,0.059,-0.07060307521652473,0.027546904998700297
True,0.0,0.13613026215567361,0,1557049669.8660402,0.0,0.2076145868031238,0.059,-0.05410228576768695,0.025673958814907995
True,0.0,0.14841188055194418,0,1557049669.8869839,0.0,0.18283195099952737,0.059,-0.02881308900573356,0.03282660439316269
True,0.0,0.13503638100163112,0,1557049669.9099228,0.0,0.1758183801138539,0.059,-0.03617913786302302,0.030934951061740792
True,0.0,0.13721662124620707,0,1557049669.930867,0.0,0.1626090752175299,0.059,-0.0353778562109079,0.03038065842635002
True,0.0,0.1450011203531985,0,1557049669.9528081,0.0,0.15378546679458094,0.059,-0.02131007563452374,0.031760916610110594
True,0.0,0.12365358356229869,0,1557049669.9752536,0.0,0.14102298234983854,0.059,-0.03262886437151928,0.03094876773603671
True,0.0,0.11638603624713414,0,1557049669.9961975,0.0,0.13001951271756432,0.059,-0.020304567709041346,0.03174364888730088
True,0.0,0.12486724319072377,0,1557049670.0181391,0.0,0.12557777828564615,0.059,-0.02763755180533481,0.029825327379639985
True,0.0,0.13126302137249862,0,1557049670.0400803,0.0,0.11626113455850852,0.059,-0.01532486658431805,0.02880785851059793
True,0.0,0.13653381400659256,0,1557049670.0620217,0.0,0.1118329625856972,0.059,-0.010966326579434041,0.028552527420747306
True,0.0,0.1344022578133585,0,1557049670.0829659,0.0,0.10856482267426673,0.059,-0.009417409900428799,0.02866150476586705
True,0.0,0.12640732108795508,0,1557049670.1049073,0.0,0.10544163070348431,0.059,-0.012059836567657392,0.029399945174223268
True,0.0,0.1293833333148652,0,1557049670.1268487,0.0,0.10435301048287354,0.059,-0.016715703178807263,0.030148989509290965
True,0.0,0.13541185690894508,0,1557049670.1497874,0.0,0.10090390829031975,0.059,-0.011355832371742642,0.029710338231762265
True,0.0,0.12503239443021563,0,1557049670.1707313,0.0,0.09892688271810224,0.059,0.0006518784219176367,0.03125925345375191
True,0.0,0.12907663743091147,0,1557049670.1926725,0.0,0.09378386739566379,0.059,0.005774244537257621,0.03095005807988019
True,0.0,0.11873468201642869,0,1557049670.2146137,0.0,0.09387587895829906,0.059,0.00018570872764748353,0.03302957901520419
True,0.0,0.12055594413336468,0,1557049670.2355578,0.0,0.09027056970056453,0.059,-0.008538976082744,0.0299797944540495
True,0.0,0.1266182716520924,0,1557049670.2574995,0.0,0.08036005951227261,0.059,-0.008626488704202469,0.029356870864049128
False,0.0,0.13506693505087816,0,1557049670.2794404,0.0,0.08289323472484753,0.059,0.0005404025401199743,0.03212910751303318
True,0.0,0.14045128902672385,0,1557049670.301382,0.0,0.07579293614667425,0.059,0.0015104286062257311,0.03011600692047077
True,0.0,0.141712871906313,0,1557049670.3223257,0.0,0.07395559146710169,0.059,-0.0062230101090266655,0.030444364547572274
True,0.0,0.13858137727485878,0,1557049670.344267,0.0,0.06945960953219889,0.059,-0.006643151681385276,0.030386381173990198
True,0.0,0.1270275047973205,0,1557049670.3662086,0.0,0.06368427925802714,0.059,-0.008437835048230934,0.028146581381325364
True,0.0,0.13134056936671773,0,1557049670.38815,0.0,0.06362156414553327,0.059,-0.012570887975892779,0.02495273308919581
True,0.0,0.1343470700490431,0,1557049670.4100916,0.0,0.06228875076195471,0.059,-0.01609447486651216,0.026727419141592455
True,0.0,0.1179345962174965,0,1557049670.431035,0.0,0.06741432195180115,0.059,-0.012895999494725606,0.02922068809864143
False,0.0,0.11878673140431965,0,1557049670.4529767,0.0,0.06682216900035909,0.059,-0.007643891362449792,0.030756684098971365
True,0.0,0.13196463359464003,0,1557049670.474918,0.0,0.06176970352946065,0.059,0.004440735933775343,0.03137459566219852
True,0.09115277958882087,0.1383326345543428,0,1557049670.496859,0.09115277958882087,0.06609937065929149,0.061,0.003543136203066494,0.03185865271300828
True,0.09115079865261336,0.15307380958849207,0,1557049670.5188007,0.09115079865261336,0.06337271340533095,0.063,-0.013150332601514712,0.0320717601880368
True,0.18230555917764174,0.17781813459758927,0,1557049670.540742,0.18230555917764174,0.06079086640454566,0.067,-0.008325398602485814,0.031736415159875846
True,0.2797352689438988,0.22270520948696104,0,1557049670.5621908,0.2797352689438988,0.056388891134944524,0.073,-0.002609034070735874,0.029764517917953183
True,0.286476606789154,0.25107111360230006,0,1557049670.583135,0.286476606789154,0.058269254684266046,0.079,-0.0021535100599476336,0.028694064646640597
False,0.36461111835528287,0.2735197917321885,0,1557049670.605076,0.36461111835528287,0.06066762125600245,0.087,0.04226955428290356,0.029923230227674236
True,0.4557638979441044,0.3257736208002366,0,1557049670.6270173,0.4557638979441044,0.06933431695437102,0.097,0.09180772548640627,0.032421722541596934
False,0.5252071124467816,0.38974722438388726,1,1557049670.6479614,0.5252071124467816,0.07301601607661157,0.108,0.12510029119131155,0.03753382356365777
False,0.5595016340959112,0.4444899598165188,1,1557049670.669409,0.5595016340959112,0.0775619953349243,0.12,0.16674884667480847,0.041246896040169345
False,0.5469166775329253,0.460989433461013,1,1557049670.6913502,0.5469166775329253,0.08268405942333194,0.132,0.208543220093107,0.04323250845247335
False,0.7161915169728836,0.4998296674389741,1,1557049670.7122943,0.7161915169728836,0.0927890445706052,0.147,0.33618897805636694,0.04991819444379971
False,0.5469107346597273,0.41334588548662216,1,1557049670.7342358,0.5469107346597273,0.10796809805229911,0.159,0.39721786575070145,0.045927544979565506
False,0.5469047919156802,0.3824681547137257,1,1557049670.7561774,0.5469047919156802,0.12279651823101177,0.171,0.41647391904869074,0.04973552857158873
False,0.5729662583671045,0.2919245661872308,1,1557049670.777121,0.5729662583671045,0.14021531398819917,0.183,0.4913982334602863,0.043041852810073965
False,0.5469047919156802,0.2706478505211705,1,1557049670.7990627,0.5469047919156802,0.15005472092365035,0.195,0.49243162454454076,0.044082443539453224
False,0.4774718819725869,0.22448785445539518,1,1557049670.8200064,0.4774718819725869,0.16212740705205475,0.205,0.4769178238660355,0.04436679129161395
False,0.4359439570947495,0.22686009448154357,1,1557049670.842945,0.4359439570947495,0.17244741532384006,0.215,0.4414343668440698,0.0498423849358768
True,0.3646071564398182,0.14046008401497947,1,1557049670.8648865,0.3646071564398182,0.19769432827513914,0.223,0.4367382505452207,0.033877032718402485
False,0.5924930673273344,0.1314691672073019,1,1557049670.8868277,0.5924930673273344,0.21082114387167053,0.236,0.5047308580298672,0.03912382073626414
False,0.5469047919156802,0.13699501123945682,1,1557049670.9087694,0.5469047919156802,0.2209015581057786,0.248,0.5071422010789044,0.03911658892212868
True,0.5252071124467823,0.12980139175697147,1,1557049670.9297135,0.5252071124467823,0.24181902327467564,0.259,0.5340591086063962,0.03572038447595643
False,0.31902432875878806,0.1395233575080585,1,1557049670.9516554,0.31902432875878806,0.24776687040401058,0.266,0.45187557855364086,0.033584670778075656
False,0.18231150230915527,0.13065606876176797,1,1557049670.9735959,0.18231150230915527,0.2583892619223498,0.27,0.3478854286636607,0.03664279268073511
False,0.23872778808610445,0.13026618143235993,1,1557049670.9945402,0.23872778808610445,0.2650591115070064,0.275,0.3125629726545066,0.037375211266051915
True,0.6380763906244886,0.12739146245747188,1,1557049671.0164812,0.6380763906244886,0.27265549884574497,0.289,0.46092054020521794,0.03373653266667079
False,0.8203661019895909,0.13075010860744846,1,1557049671.0384226,0.8203661019895909,0.28353313998423507,0.307,0.5649408016418067,0.036023019610589395
True,0.4557638979441044,0.12474368967642302,1,1557049671.0603638,0.4557638979441044,0.2854635409738133,0.317,0.5321916135290098,0.033252715495581515
False,0.6684454158413593,0.12498171149943658,1,1557049671.081308,0.6684454158413593,0.30218147649621546,0.331,0.5806588665939855,0.03217528243643184
False,0.3646111183552835,0.12100443263774964,1,1557049671.103249,0.3646111183552835,0.3099448485907883,0.339,0.5071977182276971,0.03203546833025378
False,0.41017413697558214,0.1363214055123383,1,1557049671.125191,0.41017413697558214,0.32098040491553864,0.348,0.49209858946550417,0.03496671311671646
False,0.8116929591894821,0.12787111445822194,1,1557049671.1461349,0.8116929591894821,0.336474603657976,0.365,0.6378965872610176,0.0343543600747922
False,0.8659514060937983,0.1318724192957598,1,1557049671.168076,0.8659514060937983,0.35514746642110356,0.384,0.7083542586682131,0.0370581664471479
False,0.6836458469161566,0.13134891428425716,1,1557049671.1900172,0.6836458469161566,0.37054403282714465,0.399,0.6836807455130534,0.0397216775228631
False,0.4101785939367576,0.1165456167604339,1,1557049671.211959,0.4101785939367576,0.38192275088935035,0.408,0.5812895976602289,0.03877425698710479
False,0.8116837192359363,0.124553364870931,1,1557049671.232903,0.8116837192359363,0.39240210202864456,0.425,0.6787737745480174,0.041189038008226486
False,1.1770731524789533,0.1345593344822126,1,1557049671.2558413,1.1770731524789533,0.41408675376664605,0.452,0.85388915301134,0.0411260595364743
False,1.165589533242181,0.14059549597457266,1,1557049671.2772896,1.165589533242181,0.43884171496027563,0.477,0.9508938589179288,0.04091899173106972
True,1.0981603260250903,0.1378033571498727,1,1557049671.2982337,1.0981603260250903,0.4664861707555187,0.5,1.017780452497304,0.034216795603550954
False,1.412837379115507,0.1350860060961417,1,1557049671.3201754,1.412837379115507,0.49677379267034993,0.531,1.1950372789625077,0.03628396982995701
False,2.1420903203372856,0.1167687654675097,1,1557049671.3421166,2.1420903203372856,0.5439729469103551,0.578,1.477730409185816,0.03456390638248943
False,1.9575901463925522,0.10688141028906102,1,1557049671.3630607,1.9575901463925522,0.5873055398006234,0.619,1.6090336647816592,0.039610089388013456
False,1.777498516739654,0.10768415525584452,1,1557049671.3850017,1.777498516739654,0.6226042583382947,0.658,1.6510379443889562,0.04141695509684367
False,1.0026696802095,0.11623427731508042,1,1557049671.406943,1.0026696802095,0.6467579926383693,0.68,1.4596658523028605,0.040510022227036875
False,1.2122400649184588,0.12271905767221529,1,1557049671.428391,1.2122400649184588,0.6712175547746451,0.706,1.3908669150899777,0.043992663660459536
False,1.1936661164551208,0.11564942880567718,1,1557049671.4493349,1.1936661164551208,0.6983152525471672,0.731,1.3301096435878497,0.04581569230998089
False,1.5039554937413087,0.1214083519006402,1,1557049671.471277,1.5039554937413087,0.7291997156286286,0.764,1.406737893814432,0.05096511561981557
False,1.5952256452051088,0.11602953713870559,1,1557049671.4932175,1.5952256452051088,0.76106001984699,0.799,1.4749767224259729,0.05357250297859183
False,1.2305491529843815,0.11920560870658045,1,1557049671.515159,1.2305491529843815,0.7900497050799061,0.826,1.377937032212795,0.05299155484583458
True,0.9071759214989876,0.12128638115866708,1,1557049671.536103,0.9071759214989876,0.8153900788248969,0.845,1.2247447597002372,0.04761101732647614
False,0.7747817885472136,0.12024629832369321,1,1557049671.5580447,0.7747817885472136,0.8344743169330991,0.862,1.0343810361611125,0.04232765835035685
False,0.9549437639451764,0.12486278771388767,1,1557049671.5789883,0.9549437639451764,0.8586251950804767,0.882,1.0201201228134733,0.044666886297311054
False,1.139397363874432,0.10936850033921709,1,1557049671.6009297,1.139397363874432,0.8819505896429877,0.907,1.0716451566830663,0.04835332627098453
False,0.9071759214989876,0.1285656104208737,1,1557049671.6218739,0.9071759214989876,0.8998298223353611,0.926,0.9980910220114826,0.04749769656854427
False,0.50133484010475,0.09600909561136647,1,1557049671.6438153,0.50133484010475,0.9057529160866657,0.937,0.8382954531291141,0.04599090431710427
False,0.0932533822466738,0.10599073099736298,1,1557049671.6652622,0.0932533822466738,0.9064972084687497,0.939,0.625808242465664,0.042368606668626504
False,0.04557589455497728,0.10464223025193282,1,1557049671.6872036,0.04557589455497728,0.889608565249434,0.94,0.42324201190694327,0.045898150202435754
False,0.0,0.1343151100131393,1,1557049671.7081478,0.0,0.9119852836432477,0.94,0.29727915986863224,0.04257107520904479
False,0.045576389794410435,0.1249302228038608,1,1557049671.730089,-0.045576389794410435,0.9221089300910702,0.939,0.2029026439354362,0.039030348777650783
False,0.0,0.12113759071597831,1,1557049671.7510333,0.0,0.9256736092785085,0.939,0.13653137196670156,0.03679631572193288
False,0.0,0.13057966438392493,1,1557049671.7729743,0.0,0.9280090451801701,0.939,0.0836297024672635,0.038493953512932555
False,0.0,0.11452810560159733,1,1557049671.7939184,0.0,0.9303379096322824,0.939,0.05249410668489016,0.03957178210520041
False,0.0,0.11695225718677697,1,1557049671.8158598,0.0,0.9258350306193893,0.939,0.044597795296531996,0.03948337494963098
False,0.0,0.11838537150844262,1,1557049671.8378015,0.0,0.926646795933672,0.939,0.025565373571592578,0.039733180131220805
True,0.0,0.11673438647864344,1,1557049671.858745,0.0,0.9397807568505611,0.939,0.019802802348963464,0.03374470116998857
False,0.0,0.11094079017273695,1,1557049671.8806865,0.0,0.9334048973749371,0.939,0.009703656726675043,0.03483285317510563
False,0.0,0.10575462947295372,1,1557049671.902628,0.0,0.928802910862264,0.939,-0.004729812312322648,0.036278414652753325
False,0.0,0.12389497554287933,1,1557049671.9235718,0.0,0.9290307673475607,0.939,-0.011290922435787084,0.037482037600094664
False,0.0,0.1387451511647408,1,1557049671.9455132,0.0,0.9283261096607409,0.939,-0.01567209893873359,0.03767075344279817
False,0.0,0.14288912714096735,1,1557049671.9664571,0.0,0.9300601769608284,0.939,-0.01073665111746166,0.0365589233393001
False,0.0,0.1336480013269894,1,1557049671.9883988,0.0,0.9297697044926347,0.939,-0.004063992002154537,0.03886876237918787
False,0.0,0.13214478872459962,1,1557049672.0093427,0.0,0.9286331636426182,0.939,-0.008468618971410194,0.0398707675045725
False,0.0,0.13526453906368752,1,1557049672.0312839,0.0,0.9259668837158063,0.939,-0.009145779052621438,0.04100638814586625
False,0.0,0.12476485306567726,1,1557049672.052229,0.0,0.928193612584786,0.939,-0.0009360354845332558,0.04239555557310818
